NumberToTrain: 5
ImagesCount: 4420
EpochsCount: 20
StepsCount: 18
0.6818230987849908 0.5813527548948763 0.7244672619940001 0.6780519146095447 0.6314608751384727 0.6126924941421793 0.6755006956432413 0.6794005394606983 0.6502352843354315 0.672503324349777 0.7071528522737723 0.7047516078303171 0.7062199314124622 0.6939618766205894 0.6816214763771905 0.6775870933205225 0.6941797661597922 0.7030258703492599 0.6869669551246864 0.6873216123018798 
1.0599222078181096 0.8813634381127655 0.7394991591600604 0.7463586566125447 0.7241527170322081 0.709692952286836 0.6362074869539118 0.7013902586514934 0.6776489922384373 0.6868166158952332 0.6538255296894522 0.6682520905520533 0.6685969335627511 0.6795154568159337 0.6991463599183582 0.6984580771214794 0.6818495426373666 0.7166439430669684 0.6945262606273875 0.6836658962463856 