NumberToTrain: 9
ImagesCount: 4871
EpochsCount: 20
StepsCount: 20
0.6674734035082082 0.6495677127942251 0.7235009730205928 0.7134598311573961 0.6915560225275704 0.6308281889919388 0.6455040006820707 0.6946976709133513 0.6742910293298549 0.6514131641452849 0.6929391932004584 0.7059929167682915 0.711901535147544 0.7075052610541895 0.6943464255584265 0.6798155937695382 0.6782783646053825 0.6840553319949497 0.6947967548549595 0.6983585119880514 
1.0790360816028166 0.8160766809591621 0.7331508322162665 0.7396978346926277 0.7446247077255779 0.7058629820333103 0.6877962603340745 0.6419139394242168 0.7088836678086217 0.6862464376100154 0.6691030112945195 0.661942030840716 0.6553986881395665 0.6737830775490561 0.6796645541175512 0.6965194047566585 0.7011938883490085 0.6942897985460548 0.6745191122619499 0.677813492885577 