NumberToTrain: 0
ImagesCount: 4833
EpochsCount: 20
StepsCount: 19
0.7059800271971483 0.6012955589312226 0.7339980140095242 0.6499993956155958 0.6288777787292605 0.588183694046017 0.6449790861316063 0.7028087125441429 0.7170747829596293 0.7103135399079887 0.687813823433262 0.6579275525451709 0.6774243635434719 0.6858112707766019 0.6800984861666567 0.6662070977740535 0.6696643379098601 0.6864646783042944 0.6944174150961991 0.6945447810668878 
1.0441995412322511 0.8679831247542139 0.7684967879260833 0.7610375085704397 0.7421370457914336 0.6964666445196314 0.6502637819518712 0.6507290877574079 0.67045029541482 0.6664965503038227 0.710560147645452 0.7377614604732676 0.7042162789910794 0.7098440657725894 0.7103036130582823 0.7019963035753276 0.689910711517201 0.6661281650178109 0.6742440856449966 0.6761718774169138 