NumberToTrain: 2
ImagesCount: 4893
EpochsCount: 20
StepsCount: 20
0.6839655526060395 0.6391691641117971 0.7272489163256769 0.6872261139094547 0.6527356797942785 0.6402297936163494 0.6297427204732835 0.6740765380968248 0.6808475417890455 0.6793039821605511 0.669742292267457 0.6986339427718383 0.6917811129327952 0.6907015800703988 0.6961477551983606 0.7038488810817396 0.6939539265293304 0.6888617447383968 0.7054358368379915 0.7017584668477038 
1.0481899596820685 0.8159872243518628 0.7590350595384378 0.7278678535522488 0.7206170958543419 0.6995622737549251 0.6867037937730455 0.6511756306571542 0.6884632526029271 0.6796474397708441 0.6866844445562849 0.6639035269542543 0.6712656875714895 0.6702798726830926 0.6658580474629845 0.7000060999299599 0.6725802696590933 0.6759115462054982 0.6762716452011415 0.6619124688838345 