NumberToTrain: 8
ImagesCount: 4778
EpochsCount: 20
StepsCount: 19
0.674634332033281 0.6117884629362045 0.7462778903187297 0.6794543524614397 0.676077267936895 0.6483221060674652 0.6491621133657951 0.6914550655767594 0.6811458552598999 0.6938474535870814 0.681840236674843 0.6873408771547055 0.6837527595590831 0.7015786360348408 0.696077848973295 0.6963931706759877 0.6947839673518968 0.701338284773869 0.7099526865971082 0.7059544066691513 
1.0396906490794482 0.8630612341251517 0.704643674213476 0.7467984394193093 0.7122320453204104 0.7040386698188358 0.6567345194886774 0.6506052616218252 0.6721842289608323 0.6758787119497253 0.691129471895979 0.6729888667921212 0.6946382624269543 0.6857204355456006 0.6754504143731092 0.6804022244898582 0.6841013610960001 0.6824928323230216 0.6732055912106412 0.6702096519174809 