NumberToTrain: 3
ImagesCount: 4999
EpochsCount: 20
StepsCount: 20
0.6916886839476983 0.6229181575718324 0.7423297941441576 0.6687643037366675 0.696255825378812 0.6348988472017602 0.650257337477662 0.6887055672446565 0.6878225076659393 0.6891775273924988 0.6704886771873471 0.6986982113738256 0.7063919764439703 0.6884448550874112 0.6914487192946769 0.7064317333677792 0.7147811712112032 0.7094199936762566 0.7029694071063279 0.6971841239597218 
1.0648110959579171 0.808989658429161 0.7617212458977834 0.7295388722812886 0.7211839787910179 0.7098670929640511 0.6689176676357437 0.6599481047560262 0.6730099717080718 0.6920394402515749 0.6752401722873097 0.6677673640455252 0.6708768003809603 0.6847632516982588 0.6792143797436351 0.6867357431220587 0.6643211676519121 0.6691343140598847 0.6757053835477338 0.6791822876675704 