NumberToTrain: 7
ImagesCount: 5106
EpochsCount: 20
StepsCount: 20
0.6684334323487999 0.598329900641701 0.7053340177657325 0.6598455571999345 0.6752127838918011 0.6378245608053539 0.6901753465776239 0.6726110495612062 0.6561582317374548 0.6913826719564068 0.6963219221423941 0.7133300435985059 0.7052715420637129 0.6969247426271299 0.6793634455934486 0.680311308138236 0.699031155171568 0.6936824060369474 0.6938746560902403 0.6884817368949561 
1.0663452319443816 0.837373283443385 0.7398587567386987 0.7602511331672455 0.7247101835498835 0.7000128563556893 0.6610947742428437 0.7061213750150797 0.6711069948925317 0.6627589417920192 0.686066412426595 0.6823550332906191 0.6715633814530614 0.6968352757490215 0.6923046073401924 0.6966230680644677 0.6875757096279507 0.6831314467056961 0.6710029264555408 0.6675854221716436 