NumberToTrain: 4
ImagesCount: 4777
EpochsCount: 20
StepsCount: 19
0.6902893540571837 0.5781547783213841 0.7383620939958258 0.6971880546394862 0.7103029244783983 0.6651995324485326 0.6459966303812866 0.6407458804157234 0.6308800808698064 0.6950443316395896 0.7119918855630981 0.6834052207855643 0.6667682321040506 0.6854205456932598 0.7159134664948494 0.7095026796469354 0.7016915541070161 0.6898275972774571 0.707364080606643 0.7096424486251244 
1.0349150658137958 0.8495063437509592 0.7354977906740826 0.7656462489302799 0.7172220878205625 0.7205802045012084 0.7182193999705405 0.6932642345128784 0.6440105344361197 0.6623943928755814 0.6577944042323001 0.7000989957888308 0.6784374551946162 0.6687746394488164 0.6897481251804803 0.6637449836229531 0.6715582724126218 0.6516002854501106 0.6463242002620552 0.6726738690302333 