NumberToTrain: 1
ImagesCount: 5514
EpochsCount: 20
StepsCount: 22
0.6586516377934157 0.5515200722362676 0.7179746529751685 0.6968276195153518 0.6401820988211526 0.619586798992616 0.685968309655875 0.7021544702135019 0.6725770399540977 0.6910748405913708 0.7162400733271044 0.7158812625607399 0.7023952399442003 0.6869871712519416 0.6819179870304022 0.688460114961891 0.6961369897400327 0.6935943262471652 0.6945485525408848 0.6971375810158431 
1.0300122158548646 0.8616844969428828 0.723067249963565 0.7650286308989961 0.7479794249145019 0.7287923781975629 0.6542163580717095 0.6854120139981229 0.7400323944994696 0.6875594151880828 0.6627704328457038 0.6896044556767081 0.6972602152891023 0.7329793967786532 0.7329687742435833 0.7005238098813957 0.7027071291433095 0.7073820837848442 0.6885565442205387 0.6871496410277819 