NumberToTrain: 6
ImagesCount: 4814
EpochsCount: 20
StepsCount: 19
0.6462139085188315 0.5893315301492448 0.7076111863511129 0.6605372648925867 0.6569532923261932 0.6324146522852275 0.6952920303831763 0.6523050672414824 0.6315869735780281 0.6741161832385445 0.6933248456686001 0.699911850564547 0.6894636790368911 0.6982118518343108 0.6924930551890297 0.6861947127025426 0.6951121642088003 0.6903914593132789 0.689959088053553 0.7027785421680589 
1.086047969643825 0.829162256453541 0.7530394745457241 0.7466008237100727 0.7453947261214269 0.6755931807282163 0.6701727599234746 0.7091911385324958 0.6928031264068385 0.652159692435387 0.6695833030782012 0.6655078381515832 0.6842772468202104 0.6671525182609929 0.6722785526001888 0.6848425964368856 0.6746049331472788 0.6993147940775173 0.675816474398802 0.6642793308313023 